0.03550196416192275 0.013315060091915853
0.19501572029774028 0.4399785192887755
0.28884734155410374 0.9810562826339115
0.37329580068483104 1.339625026550614
0.40144528706173954 1.499849035930663
0.48589374619246684 2.033646703522419
0.5984916917001026 2.7893626714702853
0.7730185072369382 3.875121593060194
0.7017064750821023 3.475675820112489
0.8518370690922836 4.05143707387723
1.1646091399468288 4.267258490879946
1.279709262021301 4.430194277554869
1.2177803919921013 4.572498239198277
1.6212563633944646 4.184840878181503
1.583723714891918 4.354513210535284
1.9054321306280215 3.8770052070047596
2.343759847068462 3.65247674924783
2.9067495746066427 3.595406842209991
3.5316681721740215 3.4363913222089177
4.053841144465685 3.2791466297058776
4.717699864854455 3.115254879088698
5.120322821518124 2.87612759875078
5.327605403020818 2.6913232884482072
5.70762346910909 2.467870857374768
6.1889796861542345 2.3324261338571093
6.56931052431336 2.2046211668239604
7.269919963027541 2.1280390042580715
7.720311745058084 1.9617286754803036
8.145681761420263 1.7753556177598524
8.764970461712263 1.636042810547524
9.626434108294497 1.5031336081092652
10.285042726065349 1.4295817493736127
10.832840667304882 1.3756538557660605
11.484300209170492 1.2391860952974483
12.08035441277044 1.115060109747727
12.730920320147892 1.060046780272529
13.334123599653086 1.0608054810304388
13.856899775224253 1.0426297933236839
14.466805313390612 0.9851304646610348
15.17679791423043 0.9063379671449265
15.827363821607882 0.862437919040838
16.446652521899882 0.8482014584748416
17.0190254115637 0.8300085496868004
17.685229922483877 0.749446120634321
18.44928740985712 0.7571680302095132
19.13962005195751 0.6878894819498633
19.700733147070565 0.691293484654329
20.34736706270013 0.5747311531486137
20.91303769370278 0.5921616800139446
21.682456988004958 0.7075713161168675
22.267966304644666 0.627165436001933
22.986716523468413 0.5683062935264758
23.737369493519317 0.5667603524054279
24.397318563022402 0.5181183223098067
25.004096380480224 0.5059115234333991
25.623385080772223 0.5113050645416006
26.211396573978767 0.5072060522822124
26.721215049471674 0.45133279706928064
28.164881565087434 0.5554914818793968
29.029472932378212 0.536646266458467
29.39541625527803 0.5043867595879838
30.474479899726205 0.3883352891313301
31.028086465138756 0.36500770551342754
31.647375165430752 0.36479267471471566
32.26666386572275 0.3645776439160038
32.88595256601475 0.38679690074494744
33.50524126630675 0.3669518682720341
34.12452996659874 0.3765518383104247
34.65937020776002 0.32133201805675426
27.338403041825096 0.5109711660329559
29.847908745247153 0.4892664765526007
